-7.255443023944173342e-02
5.952395890386039286e-03
2.649689712571190459e-02
1.393896042785333980e-02
-4.771603816788819001e-03
-2.007146444907831687e-02
-4.974541146530543634e-03
1.135666117266574127e-01
-1.274598501161271040e-02
-3.466877613555219284e-02
4.218854041205412353e-02
3.437099223619428413e-03
-9.537247390933346891e-02
-6.834828331749891704e-03
-3.545224216622747115e-02
-6.604951413982899575e-03
6.342573422128044980e-02
-5.054800745494890564e-03
-1.066750469457275995e-02
2.501193857902358000e-02
-3.063275123743279885e-02
1.578845540114421839e-02
1.523416587694490648e-02
9.494941855121379753e-03
7.460105212053634062e-03
1.290658783346178111e-02
9.295993311062816788e-03
8.254966410282475395e-03
2.652607986714208138e-02
-3.970853313505088959e-03
-5.974162157372445679e-03
1.813578612921982677e-02
1.858577634556899880e-02
-1.641047998291808455e-03
-1.079911112676786716e-02
1.533478258486062167e-02
1.789328130283046603e-02
-3.980513511367057139e-02
3.429809434137350704e-02
2.609281090555357410e-02
4.992577145082275833e-03
4.170093910089169541e-03
-1.430461006714845058e-02
2.851655866454911106e-02
-3.210422941662387231e-02
2.087895953773827654e-02
4.216750447758834362e-03
2.482422254045850429e-02
7.804662559777317786e-03
-2.756543263315662518e-02
2.878443016019060271e-03
2.745047625619525394e-02
-3.868428889214866381e-03
5.232784562551234808e-02
-1.514303407338032752e-02
5.639642893961591824e-02
-2.730273748346308607e-02
-1.004351205286245496e-02
8.617812078370321038e-02
-4.118804072339184337e-03
-1.075657124987545316e-02
-1.755877349324094436e-02
3.403933988508558474e-03
9.561950717301421002e-03
8.044178158256488909e-02
2.137583937437226994e-02
-1.780070076573371171e-02
9.981791030749921981e-03
1.467822182476537403e-02
5.894858962062458213e-02
-1.907972409512679159e-03
-4.002215487746413509e-03
4.221212089019339697e-02
2.047233797898635917e-03
2.231376955243903962e-02
-4.804666668784172978e-02
-1.885682262293622569e-02
-6.844638140636721130e-03
9.699738468209350914e-03
-1.720780199922817763e-02
1.120489631865509428e-02
-7.226823156138183213e-02
-1.618114865325763138e-02
-5.698762357945383848e-03
8.217559350928176076e-02
-8.969885660146564507e-03
1.942285009806339960e-03
-1.278372013527149208e-02
8.036621110159588134e-04
-3.085777220524563071e-03
-1.301468164607250469e-02
4.340305201236292765e-02
-5.203770649331049269e-02
2.393490082637369024e-03
-1.114892073476751386e-02
-4.215004492458706425e-02
-7.118571001253180819e-02
-6.028780090432007965e-02
-1.424855588268171894e-02
1.329283637018448087e-02
2.031859469262518175e-02
5.901698885493439350e-02
-1.041359627305671158e-02
9.456967824622890956e-03
-1.448570761182466256e-02
-3.362505148090905172e-02
-9.656454494167431013e-03
-9.717724344476423581e-03
3.558380765880416602e-02
-2.304094751372022173e-02
2.135867050514948101e-02
6.139184358661525787e-02
7.002101342713323157e-03
1.774651632562567957e-02
7.105747930268625084e-03
8.085063343462654123e-03
1.741352628085251000e-02
1.765597297260896280e-03
-1.177838170631626859e-02
-4.894995366572399420e-02
4.121726571465220666e-03
-1.527650159250509322e-02
-2.628153019038947328e-03
-2.328370063684621905e-02
-7.270043175186565246e-03
-2.537483779870556774e-02
2.289981557300557399e-02
-1.509123616828992633e-02
