-1.383881343652404970e-02
-7.908494599536328856e-03
-2.860445361991016677e-02
1.318592356954217081e-02
2.320756326788370530e-02
-1.182422865052064342e-02
4.089735102405066269e-02
-3.348138181294930960e-03
-7.453620035775826436e-02
-7.297881390239352450e-02
9.384759119877595160e-03
1.965975315220642311e-02
5.069862141840145858e-02
1.564185758529436712e-02
-1.707580229891461632e-02
3.625688707439143899e-02
1.541773244755110552e-02
-5.729536059783931629e-02
3.020719958489564028e-03
3.714485035104611588e-02
-4.223909762289335817e-02
3.046636934801697297e-02
4.392320455891468578e-02
2.325951972579232488e-02
8.642414682932607339e-03
1.977246726435182705e-02
8.125678525910170341e-03
9.300647908964784077e-03
2.974206385452995288e-02
1.428177552654085088e-02
6.009913795619510613e-02
5.375141990884711035e-03
2.457910098545897787e-02
-3.374017971844681801e-02
5.610582388746808424e-02
2.125287433785256683e-02
4.061396736463975671e-02
6.234450408739052041e-03
5.637125523952073169e-02
-1.470259222653085701e-02
3.495988665634498782e-02
-3.199480510501630931e-02
-7.313469959369927643e-03
1.260915455131151643e-02
-2.029879825300599794e-02
1.967366920324458562e-02
-3.310066877724163192e-02
1.958377635427067942e-02
1.401538382478261825e-02
3.236305044202970882e-02
-4.608633742013482776e-02
-4.507076622333387565e-03
-3.936075732817961165e-02
1.556487394783455207e-02
-7.598527585868539332e-03
-6.230912573324771941e-02
5.177441008291893722e-03
2.545764223271064150e-02
3.606564432095787139e-03
-2.034983863821925726e-02
-6.975219287939385393e-02
-3.666776149925322220e-02
2.619743767435486065e-02
3.188069441623425648e-02
