5.494528934808844828e-02
1.136528548768317298e-01
1.567832624615008164e-01
-3.481549908819874667e-02
3.733663020975765134e-02
8.113418355203551313e-03
4.258475982865505410e-02
-1.178658098500640072e-02
4.270273584560130981e-02
1.403935053616961193e-01
1.727781004847689372e-01
1.192433500942492904e-02
8.474579851331237590e-02
1.491386312776124823e-01
6.016373171778977014e-02
9.898652551214694173e-02
2.128858712264174516e-02
5.100761552436555712e-02
1.394426966229063702e-01
6.599250918514128206e-02
5.945743860266211600e-02
1.090521389533500168e-01
-7.865896660964977194e-02
3.531662414006009332e-02
6.004921788451767634e-02
3.403107703426134362e-02
-3.961917192118449144e-02
-5.894860992094868961e-03
5.145637678647149715e-02
1.765840752739854941e-02
1.424048971169440125e-01
1.100011898280745248e-01
